36 37 38 39 40 
0 36 1.00015
0 37 1.00013
0 38 1.00039
0 39 1.00012
0 40 1.00007
1 36 0.999753
1 37 0.999558
1 38 0.998726
1 39 0.999606
1 40 0.999768
2 36 0.999787
2 37 0.999615
2 38 0.99889
2 39 0.999656
2 40 0.999798
3 36 0.199878
3 37 0.199727
3 38 0.19921
3 39 0.199756
3 40 0.199857
4 36 0.199942
4 37 0.199854
4 38 0.199581
4 39 0.19987
4 40 0.199924
5 36 0.199871
5 37 0.199726
5 38 0.19921
5 39 0.199755
5 40 0.199856
6 36 0.999977
6 37 0.999962
6 38 0.999889
6 39 0.999966
6 40 0.99998
7 36 0.999831
7 37 0.999627
7 38 0.998923
7 39 0.999667
7 40 0.999804
8 36 0.999882
8 37 0.999719
8 38 0.999189
8 39 0.999749
8 40 0.999853
9 36 0.199868
9 37 0.199707
9 38 0.199156
9 39 0.199739
9 40 0.199847
10 36 0.199917
10 37 0.199804
10 38 0.199435
10 39 0.199825
10 40 0.199897
11 36 0.199905
11 37 0.199796
11 38 0.199411
11 39 0.199818
11 40 0.199893
12 36 0.499926
12 37 0.499848
12 38 0.49956
12 39 0.499864
12 40 0.49992
13 36 0.499872
13 37 0.499714
13 38 0.499174
13 39 0.499744
13 40 0.49985
14 36 0.499892
14 37 0.499746
14 38 0.499267
14 39 0.499773
14 40 0.499867
15 36 0.199877
15 37 0.199722
15 38 0.199198
15 39 0.199752
15 40 0.199854
16 36 0.199924
16 37 0.199825
16 38 0.199496
16 39 0.199844
16 40 0.199908
17 36 0.199889
17 37 0.19976
17 38 0.199308
17 39 0.199786
17 40 0.199874
18 36 0.999918
18 37 0.999834
18 38 0.999522
18 39 0.999852
18 40 0.999913
19 36 0.9999
19 37 0.999759
19 38 0.999304
19 39 0.999785
19 40 0.999874
20 36 0.999871
20 37 0.999714
20 38 0.999175
20 39 0.999745
20 40 0.99985
21 36 0.199878
21 37 0.199728
21 38 0.199215
21 39 0.199757
21 40 0.199857
22 36 0.199904
22 37 0.19979
22 38 0.199393
22 39 0.199812
22 40 0.19989
23 36 0.199908
23 37 0.19979
23 38 0.199393
23 39 0.199812
23 40 0.19989
24 36 0.999898
24 37 0.999785
24 38 0.999379
24 39 0.999808
24 40 0.999887
25 36 0.999903
25 37 0.999775
25 38 0.999351
25 39 0.999799
25 40 0.999882
26 36 0.999889
26 37 0.999747
26 38 0.999272
26 39 0.999775
26 40 0.999868
36 27 0.895621
36 28 0.557732
36 29 0.619092
36 30 0.413753
36 31 0.556606
36 32 0.291191
36 33 0.54812
36 34 0.245284
36 35 0.53163
36 36 1.61652
37 27 0.695765
37 28 0.557237
37 29 0.619342
37 30 0.413457
37 31 0.556528
37 32 0.291064
37 33 0.548469
37 34 0.245221
37 35 0.532002
37 37 0.742262
38 27 0.696237
38 28 0.555631
38 29 0.620155
38 30 0.412497
38 31 0.556274
38 32 0.290655
38 33 0.549599
38 34 0.245017
38 35 0.533205
38 38 -0.321406
39 27 0.695739
39 28 0.557329
39 29 0.619296
39 30 0.413511
39 31 0.556542
39 32 0.291088
39 33 0.548404
39 34 0.245232
39 35 0.531933
39 39 0.856364
40 27 0.695647
40 28 0.557642
40 29 0.619138
40 30 0.413699
40 31 0.556592
40 32 0.291168
40 33 0.548184
40 34 0.245272
40 35 0.531698
40 40 1.38939
